 NDAY: Days since Illapel mainshock
YEAR MO DY HR MN SC: Event origin time
LON LAT DEP: Event hypocenter, depth in (km)
STR1 DIP1 RAK1 STR2 DIP2 RAK2: Source kinematics (when available)
MAG: Magnitude
LABEL:
        First character
        R: relocated
        U: unrelocated

        Second character
        M: moment tensor solution
        N: no moment tensor solution

NDAY YEAR MO DY HR MN SC LON LAT DEP (STR1 DIP1 RAK1 STR2 DIP2 RAK2) MAG LABEL
-14.93883 2015 9 2 0 22 37 -72.35320 -33.69070 35.30000 348 62 -124 223 43 -44 4.3 UM
 -12.88350 2015 9 4 1 42 18 -70.41200 -33.82900 106.30000 4.3 UN
 -10.73293 2015 9 6 5 19 7 -70.69700 -28.20400 39.40000 4.5 UN
 -7.20442 2015 9 9 18 0 10 -70.47700 -32.98400 15.10000 4.2 UN
 -2.81588 2015 9 14 3 19 40 -71.19700 -29.82100 64.50000 4.0 UN
 -1.30943 2015 9 15 15 28 57 -72.01840 -33.76250 20.50000 4.3 UN
 0.00000 2015 9 16 22 54 32 -71.67277 -31.59525 25.44710 353 19 83 180 71 92 8.3 RM
 0.00326 2015 9 16 22 59 14 -71.72572 -31.62076 29.25650 6.4 RN
 0.00653 2015 9 16 23 3 56 -71.77923 -31.78797 22.90770 6.1 RN
 0.01012 2015 9 16 23 9 6 -71.36089 -31.10222 34.32250 5.6 RN
 0.01031 2015 9 16 23 9 23 -71.63183 -31.59221 15.68290 5.7 RN
 0.01500 2015 9 16 23 16 8 -71.88215 -31.65864 29.08410 6.1 RN
 0.01678 2015 9 16 23 18 42 -71.51801 -31.58641 34.52870 180 54 93 355 36 86 7.0 RM
 0.02006 2015 9 16 23 23 25 -71.80036 -31.18000 32.94040 5.7 RN
 0.02351 2015 9 16 23 28 23 -71.85141 -30.72559 19.54760 5.5 RN
 0.02571 2015 9 16 23 31 33 -71.76770 -31.08921 30.99230 5.1 RN
 0.02586 2015 9 16 23 31 46 -71.85438 -30.01434 14.82390 5.3 RN
 0.02631 2015 9 16 23 32 25 -71.89887 -31.48012 27.89510 5.2 RN
 0.02720 2015 9 16 23 33 42 -71.78952 -31.34882 32.95980 5.1 RN
 0.02914 2015 9 16 23 36 30 -72.15706 -31.78999 17.67230 5.3 RN
 0.03022 2015 9 16 23 38 3 -71.97415 -31.83598 27.56210 5.9 RN
 0.03263 2015 9 16 23 41 31 -72.12907 -30.45159 14.64680 5.3 RN
 0.03348 2015 9 16 23 42 45 -71.57335 -31.07064 20.76050 5.1 RN
 0.03609 2015 9 16 23 46 30 -72.10079 -30.50390 6.97070 4.9 RN
 0.03737 2015 9 16 23 48 21 -71.74322 -31.46902 7.06000 5.0 RN
 0.03985 2015 9 16 23 51 55 -72.10522 -31.72992 21.90330 4.5 RN
 0.04168 2015 9 16 23 54 33 -71.76982 -31.12238 31.86820 4.6 RN
 0.04289 2015 9 16 23 56 18 -71.16289 -31.29884 15.29600 4.5 RN
 0.04376 2015 9 16 23 57 33 -71.79601 -31.17834 28.13930 4.9 RN
 0.04498 2015 9 16 23 59 18 -71.60703 -31.24294 10.26810 4.6 RN
 0.04564 2015 9 17 0 0 15 -72.06347 -31.72587 15.45640 5.0 RN
 0.04639 2015 9 17 0 1 20 -72.12771 -31.72115 18.53380 5.0 RN
 0.04918 2015 9 17 0 5 21 -71.64115 -31.54317 14.12990 4.7 RN
 0.04984 2015 9 17 0 6 18 -71.73371 -30.90248 25.88900 5.1 RN
 0.05328 2015 9 17 0 11 15 -72.05106 -31.05391 15.20960 4.7 RN
 0.05613 2015 9 17 0 15 22 -71.85354 -31.08227 25.17160 4.8 RN
 0.05750 2015 9 17 0 17 20 -72.71419 -31.09211 27.65540 4.7 RN
 0.05826 2015 9 17 0 18 26 -71.96434 -31.72924 24.78450 4.8 RN
 0.06098 2015 9 17 0 22 21 -72.03056 -31.83505 19.15630 5.2 RN
 0.06630 2015 9 17 0 29 60 -71.87445 -31.31461 21.61190 4.8 RN
 0.06804 2015 9 17 0 32 31 -72.10140 -31.85454 21.09550 4.8 RN
 0.06929 2015 9 17 0 34 19 -71.82306 -31.42217 24.06080 5.0 RN
 0.07176 2015 9 17 0 37 52 -71.99997 -31.72818 23.72950 4.6 RN
 0.07527 2015 9 17 0 42 55 -71.69144 -30.91416 26.84320 5.0 RN
 0.07550 2015 9 17 0 43 15 -71.76099 -31.15155 21.89760 5.1 RN
 0.07729 2015 9 17 0 45 50 -71.89365 -31.67615 20.27720 4.6 RN
 0.08023 2015 9 17 0 50 4 -71.36330 -30.98398 5.69680 4.8 RN
 0.08034 2015 9 17 0 50 13 -72.34787 -31.66341 17.53280 5.0 RN
 0.08671 2015 9 17 0 59 24 -72.43729 -30.67007 9.50050 4.3 RN
 0.08763 2015 9 17 1 0 43 -71.72612 -31.33585 17.49780 4.7 RN
 0.09325 2015 9 17 1 8 49 -71.65490 -31.01217 25.03890 4.6 RN
 0.09387 2015 9 17 1 9 42 -72.33405 -31.57596 14.38160 4.9 RN
 0.09566 2015 9 17 1 12 17 -71.44578 -31.22150 33.89700 4.6 RN
 0.09654 2015 9 17 1 13 33 -71.77352 -31.10955 28.27220 4.8 RN
 0.10137 2015 9 17 1 20 30 -71.75357 -31.40957 29.97570 4.5 RN
 0.10185 2015 9 17 1 21 12 -71.85154 -31.04383 19.58600 4.6 RN
 0.10229 2015 9 17 1 21 50 -71.91739 -31.70761 24.69900 5.2 RN
 0.10704 2015 9 17 1 28 40 -72.04331 -31.87960 38.10400 4.4 RN
 0.11008 2015 9 17 1 33 3 -72.12370 -31.73290 13.59200 183 85 97 306 9 32 5.8 RM
 0.11446 2015 9 17 1 39 21 -71.75283 -31.61190 29.47340 5.1 RN
 0.11567 2015 9 17 1 41 6 -71.60919 -31.13814 44.39770 300 21 50 162 74 104 6.4 RM
 0.11939 2015 9 17 1 46 27 -71.93363 -31.92632 7.30400 4.6 RN
 0.12378 2015 9 17 1 52 47 -71.55269 -31.21219 31.12240 4.6 RN
 0.12554 2015 9 17 1 55 19 -71.81102 -31.07509 16.65860 4.7 RN
 0.12713 2015 9 17 1 57 36 -71.73805 -31.22802 27.48640 4.6 RN
 0.12845 2015 9 17 1 59 30 -72.07982 -31.84863 19.56720 4.8 RN
 0.13208 2015 9 17 2 4 44 -72.22247 -30.43733 9.25390 4.6 RN
 0.13311 2015 9 17 2 6 13 -72.26973 -31.71054 13.53040 4.5 RN
 0.13439 2015 9 17 2 8 3 -71.93011 -31.87057 17.89670 4.8 RN
 0.13814 2015 9 17 2 13 27 -72.15200 -31.90601 30.38850 4.6 RN
 0.14032 2015 9 17 2 16 36 -71.24485 -31.10748 48.74000 4.7 RN
 0.14326 2015 9 17 2 20 50 -72.17028 -31.95848 17.08500 4.6 RN
 0.14330 2015 9 17 2 20 53 -72.03081 -30.78010 21.27320 4.8 RN
 0.15045 2015 9 17 2 31 11 -72.04046 -30.43483 29.93520 4.9 RN
 0.15198 2015 9 17 2 33 23 -72.04916 -30.71864 17.97670 4.6 RN
 0.15269 2015 9 17 2 34 24 -71.68214 -31.62891 21.32760 4.9 RN
 0.15394 2015 9 17 2 36 12 -71.25332 -31.42281 32.13830 4.8 RN
 0.15578 2015 9 17 2 38 51 -72.59790 -30.66876 20.56950 4.9 RN
 0.15745 2015 9 17 2 41 16 -71.80261 -31.21598 31.51910 4.3 RN
 0.15964 2015 9 17 2 44 25 -71.77592 -31.27558 23.88640 4.7 RN
 0.16424 2015 9 17 2 51 2 -72.29194 -30.55915 13.91770 4.5 RN
 0.16539 2015 9 17 2 52 42 -71.46091 -31.01432 41.56260 4.8 RN
 0.17010 2015 9 17 2 59 29 -71.51926 -30.97757 34.58890 5.5 RN
 0.17466 2015 9 17 3 6 3 -71.89478 -30.61020 26.21430 4.3 RN
 0.17631 2015 9 17 3 8 25 -72.62390 -30.62622 15.64610 4.3 RN
 0.17789 2015 9 17 3 10 42 -71.75886 -31.55815 32.52700 4.4 RN
 0.17926 2015 9 17 3 12 40 -71.29659 -30.95708 40.44840 5.2 RN
 0.18429 2015 9 17 3 19 55 -71.84550 -31.53510 20.78550 4.4 RN
 0.18719 2015 9 17 3 24 5 -72.08931 -31.95470 23.60030 4.8 RN
 0.18896 2015 9 17 3 26 38 -71.71149 -31.56843 25.52730 4.1 RN
 0.18942 2015 9 17 3 27 18 -71.99525 -29.81020 14.41800 16 51 102 177 41 76 4.7 RM
 0.19231 2015 9 17 3 31 28 -72.74506 -30.55189 26.78080 4.5 RN
 0.19304 2015 9 17 3 32 31 -71.50586 -31.43318 33.60490 4.5 RN
 0.19465 2015 9 17 3 34 50 -72.13879 -31.88361 11.87020 4.6 RN
 0.19765 2015 9 17 3 39 9 -71.84763 -31.49577 13.91760 4.7 RN
 0.20418 2015 9 17 3 48 33 -71.96807 -31.65234 18.42340 4.6 RN
 0.20709 2015 9 17 3 52 45 -72.45252 -30.85114 18.00130 4.2 RN
 0.20811 2015 9 17 3 54 13 -71.84544 -31.44627 25.43240 4.2 RN
 0.20862 2015 9 17 3 54 57 -72.15623 -31.44183 30.58340 4.6 RN
 0.20884 2015 9 17 3 55 16 -71.63690 -31.49078 32.24280 328 29 72 168 62 100 6.5 RM
 0.21363 2015 9 17 4 2 10 -71.92636 -31.24990 20.57960 5.7 RN
 0.21566 2015 9 17 4 5 5 -71.67553 -31.51084 29.16740 5.1 RN
 0.21799 2015 9 17 4 8 26 -71.69377 -30.84532 30.52970 5.0 RN
 0.21940 2015 9 17 4 10 28 -71.77670 -31.52169 31.48920 338 30 87 161 60 92 6.7 RM
 0.22500 2015 9 17 4 18 32 -71.43279 -30.87532 34.60450 5.4 RN
 0.23064 2015 9 17 4 26 39 -71.98115 -31.45930 22.39760 1 29 69 205 63 102 5.5 RM
 0.23449 2015 9 17 4 32 12 -72.09716 -30.97387 7.70640 5.1 RN
 0.23861 2015 9 17 4 38 8 -71.79961 -31.26733 24.13080 5.2 RN
 0.24248 2015 9 17 4 43 42 -72.55578 -31.06189 6.74510 4.9 RN
 0.24439 2015 9 17 4 46 27 -72.37842 -32.09400 16.77220 4.4 RN
 0.25440 2015 9 17 5 0 52 -71.71919 -31.46962 32.82590 4.5 RN
 0.25713 2015 9 17 5 4 48 -71.76867 -31.50884 29.45080 4.8 RN
 0.26081 2015 9 17 5 10 6 -71.32314 -30.55475 26.47290 4.5 RN
 0.26529 2015 9 17 5 16 33 -72.03726 -30.65098 17.59930 4.9 RN
 0.26825 2015 9 17 5 20 49 -71.63985 -31.68708 39.56980 4.3 RN
 0.27230 2015 9 17 5 26 39 -72.05511 -31.29950 18.14780 4.6 RN
 0.27728 2015 9 17 5 33 49 -71.74920 -31.98777 26.74020 4.3 RN
 0.27839 2015 9 17 5 35 25 -72.18355 -30.38078 9.78580 4.4 RN
 0.28226 2015 9 17 5 40 59 -71.99252 -31.35932 15.89030 5.2 RN
 0.28483 2015 9 17 5 44 41 -72.15333 -31.82325 21.54120 30 36 118 176 58 71 5.5 RM
 0.28977 2015 9 17 5 51 48 -72.04215 -31.89070 14.92200 4.4 RN
 0.29352 2015 9 17 5 57 12 -72.01915 -31.87673 25.32270 4.8 RN
 0.29620 2015 9 17 6 1 4 -71.62770 -31.69991 1.45000 4.7 RN
 0.29832 2015 9 17 6 4 7 -72.04297 -30.63702 16.26620 352 59 75 200 34 113 4.5 RM
 0.30741 2015 9 17 6 17 12 -71.63893 -31.55056 25.11230 4.4 RN
 0.30970 2015 9 17 6 20 30 -71.92510 -31.48433 41.40310 4.7 RN
 0.32250 2015 9 17 6 38 56 -71.96973 -31.65030 31.08780 4.9 RN
 0.33523 2015 9 17 6 57 16 -71.99599 -31.63484 10.44590 4.3 RN
 0.33785 2015 9 17 7 1 2 -71.87787 -30.61879 27.45900 31 44 133 159 59 57 4.5 RM
 0.34118 2015 9 17 7 5 50 -72.26701 -31.22044 15.77180 4.3 RN
 0.34539 2015 9 17 7 11 54 -71.67351 -30.88852 23.77790 4.1 RN
 0.34921 2015 9 17 7 17 24 -71.69536 -31.58137 32.94610 4.3 RN
 0.34966 2015 9 17 7 18 3 -71.65693 -31.50162 26.59860 4.5 RN
 0.35028 2015 9 17 7 18 56 -72.00763 -31.78289 20.09750 175 70 68 44 29 136 4.7 RM
 0.35601 2015 9 17 7 27 11 -72.60622 -30.53144 4.94650 4.3 RN
 0.35661 2015 9 17 7 28 3 -71.59996 -31.52230 33.63090 4.9 RN
 0.35925 2015 9 17 7 31 51 -71.83050 -31.10550 32.88730 4.4 RN
 0.36441 2015 9 17 7 39 17 -71.66313 -30.88770 29.64900 4.3 RN
 0.36475 2015 9 17 7 39 46 -72.53125 -30.39083 15.56860 4.5 RN
 0.36936 2015 9 17 7 46 25 -72.07399 -31.76017 11.91530 4.5 RN
 0.37216 2015 9 17 7 50 27 -71.92150 -30.71837 21.37540 4.4 RN
 0.37597 2015 9 17 7 55 56 -72.15630 -31.76537 17.51320 5 22 82 193 68 93 4.4 RM
 0.37887 2015 9 17 8 0 6 -71.43753 -30.74414 34.94590 4.4 RN
 0.38264 2015 9 17 8 5 32 -71.78197 -31.56383 16.07750 4.4 RN
 0.38617 2015 9 17 8 10 37 -71.90506 -31.74899 8.00920 4.5 RN
 0.38855 2015 9 17 8 14 3 -71.91022 -31.85365 22.15580 4.3 RN
 0.39039 2015 9 17 8 16 42 -72.00146 -30.96766 14.58980 4.4 RN
 0.39544 2015 9 17 8 23 58 -71.78752 -31.24723 24.95050 4.2 RN
 0.40053 2015 9 17 8 31 18 -71.79458 -31.20902 28.46950 4.5 RN
 0.40153 2015 9 17 8 32 44 -71.40555 -31.64234 35.46600 172 65 91 348 25 87 4.7 RM
 0.40589 2015 9 17 8 39 1 -71.75063 -31.28576 29.75910 4.6 RN
 0.40782 2015 9 17 8 41 48 -72.03825 -31.83944 15.58780 4.4 RN
 0.41457 2015 9 17 8 51 31 -71.97011 -30.96634 16.55590 4.2 RN
 0.42170 2015 9 17 9 1 47 -71.75964 -31.46006 27.38700 4.2 RN
 0.42309 2015 9 17 9 3 47 -72.41470 -31.64540 11.96600 4.5 RN
 0.42919 2015 9 17 9 12 34 -71.87838 -31.03802 18.85280 4.6 RN
 0.43984 2015 9 17 9 27 54 -71.83615 -31.11302 21.57100 4.6 RN
 0.44661 2015 9 17 9 37 39 -71.80160 -31.81672 27.87100 4.4 RN
 0.44975 2015 9 17 9 42 10 -72.09439 -31.53314 25.58900 4.6 RN
 0.46718 2015 9 17 10 7 16 -72.06292 -30.91796 14.99190 4.4 RN
 0.46852 2015 9 17 10 9 12 -71.80900 -31.08886 7.44230 4.4 RN
 0.47110 2015 9 17 10 12 55 -71.82383 -30.64468 30.71940 4.9 RN
 0.48269 2015 9 17 10 29 36 -71.18641 -31.06586 20.52340 4.1 RN
 0.48395 2015 9 17 10 31 25 -71.47152 -30.99980 34.23300 5.2 RN
 0.49916 2015 9 17 10 53 19 -71.89883 -30.91844 20.39240 4.1 RN
 0.49944 2015 9 17 10 53 44 -72.31588 -31.57429 14.69350 4.5 RN
 0.51264 2015 9 17 11 12 44 -71.91525 -31.76229 12.51160 4.3 RN
 0.51997 2015 9 17 11 23 17 -71.68989 -31.44705 21.24870 4.4 RN
 0.52083 2015 9 17 11 24 32 -72.67801 -30.87990 7.30370 4.5 RN
 0.53000 2015 9 17 11 37 44 -71.62314 -31.72553 26.17300 4.2 RN
 0.53332 2015 9 17 11 42 31 -71.81477 -31.70039 26.17440 4.3 RN
 0.53853 2015 9 17 11 50 1 -72.66031 -30.60968 4.57800 4.4 RN
 0.55223 2015 9 17 12 9 45 -72.20670 -32.15050 19.83840 344 31 76 180 60 98 5.3 RM
 0.55561 2015 9 17 12 14 37 -71.65506 -32.87798 18.48850 168 67 89 352 23 93 5.9 RM
 0.56245 2015 9 17 12 24 28 -71.74623 -31.44638 23.68080 4.6 RN
 0.56291 2015 9 17 12 25 7 -71.95342 -32.16558 10.81520 4.6 RN
 0.58126 2015 9 17 12 51 33 -72.33025 -31.32220 9.02270 4.3 RN
 0.58583 2015 9 17 12 58 8 -71.39800 -30.70245 32.80800 4.5 RN
 0.59054 2015 9 17 13 4 55 -71.76138 -30.20648 26.07750 4.7 RN
 0.60294 2015 9 17 13 22 46 -72.19166 -31.33059 40.65530 4.6 RN
 0.60964 2015 9 17 13 32 25 -72.29238 -32.13377 8.16040 355 20 92 172 70 89 5.9 RM
 0.62007 2015 9 17 13 47 26 -71.55922 -31.04482 30.78120 4.4 RN
 0.62698 2015 9 17 13 57 23 -72.83959 -30.52497 7.25510 4.2 RN
 0.62916 2015 9 17 14 0 31 -72.60868 -31.04820 9.95120 4.4 RN
 0.63615 2015 9 17 14 10 35 -71.35298 -30.89489 32.62580 4.1 RN
 0.63862 2015 9 17 14 14 9 -71.56090 -32.19731 13.62730 4.5 RN
 0.64218 2015 9 17 14 19 16 -72.04956 -30.92158 10.96040 5.7 RN
 0.64748 2015 9 17 14 26 54 -71.82990 -31.46866 14.12600 4.1 RN
 0.65311 2015 9 17 14 35 1 -71.78904 -31.39735 6.51880 4.6 RN
 0.67086 2015 9 17 15 0 34 -72.96741 -31.09291 11.90100 4.6 RN
 0.67764 2015 9 17 15 10 20 -71.29605 -31.28166 50.40890 4.3 RN
 0.69718 2015 9 17 15 38 28 -72.58038 -31.43508 21.71440 4.4 RN
 0.70197 2015 9 17 15 45 22 -72.00111 -30.93496 21.34830 4.4 RN
 0.70220 2015 9 17 15 45 42 -71.81759 -31.21343 17.71710 4.4 RN
 0.71288 2015 9 17 16 1 5 -71.96756 -31.78034 31.21590 4.8 RN
 0.71495 2015 9 17 16 4 4 -71.97227 -31.32742 20.14770 4.8 RN
 0.71748 2015 9 17 16 7 42 -71.52664 -31.20242 12.25740 4.3 RN
 0.71808 2015 9 17 16 8 34 -71.39587 -30.88233 30.83060 5.3 RN
 0.72589 2015 9 17 16 19 49 -71.75992 -31.95828 17.30260 4.4 RN
 0.73480 2015 9 17 16 32 39 -71.84552 -31.59842 30.13730 2 34 101 168 57 83 4.1 RM
 0.74435 2015 9 17 16 46 24 -71.77075 -31.50944 25.43200 43 48 157 148 73 44 4.8 RM
 0.74844 2015 9 17 16 52 17 -72.14532 -29.81211 4.09660 5.3 RN
 0.75035 2015 9 17 16 55 2 -71.50405 -30.77194 33.83340 4.3 RN
 0.75531 2015 9 17 17 2 11 -72.70164 -30.66970 3.52800 4.8 RN
 0.76620 2015 9 17 17 17 52 -72.16484 -30.31256 17.83540 4.5 RN
 0.76668 2015 9 17 17 18 33 -72.00808 -32.33685 5.18670 4.7 RN
 0.77626 2015 9 17 17 32 21 -71.59577 -30.69009 27.72300 4.6 RN
 0.78046 2015 9 17 17 38 24 -71.94121 -31.63151 17.00820 4.4 RN
 0.78698 2015 9 17 17 47 47 -71.87527 -31.66866 17.10820 4.4 RN
 0.78772 2015 9 17 17 48 51 -71.90365 -31.47893 19.35650 4.3 RN
 0.79441 2015 9 17 17 58 29 -71.42101 -30.86703 33.88980 4.4 RN
 0.79873 2015 9 17 18 4 42 -71.94509 -30.89334 14.25820 4.5 RN
 0.81400 2015 9 17 18 26 42 -71.99531 -31.78612 19.01370 4.9 RN
 0.82749 2015 9 17 18 46 7 -72.52427 -30.61831 3.61160 4.4 RN
 0.83155 2015 9 17 18 51 58 -72.63308 -30.41274 3.32530 4.6 RN
 0.83432 2015 9 17 18 55 57 -71.99193 -31.39886 27.58470 4.2 RN
 0.84500 2015 9 17 19 11 20 -72.17822 -30.34084 14.51570 158 65 64 26 35 132 4.2 RM
 0.84948 2015 9 17 19 17 47 -72.15447 -31.07330 9.98040 4.4 RN
 0.86884 2015 9 17 19 45 40 -72.29613 -31.87146 15.12450 4.4 RN
 0.87265 2015 9 17 19 51 9 -72.21919 -30.63942 22.41530 4.3 RN
 0.89565 2015 9 17 20 24 16 -72.08797 -31.69201 12.42110 4.4 RN
 0.89588 2015 9 17 20 24 36 -71.88123 -32.36447 21.25500 5.0 RN
 0.90694 2015 9 17 20 40 32 -71.78812 -30.00559 7.76520 5.5 RN
 0.91404 2015 9 17 20 50 45 -72.18771 -31.59103 38.38890 4.5 RN
 0.92953 2015 9 17 21 13 3 -71.81817 -31.39134 27.79100 32 48 125 165 53 58 4.1 RM
 0.93506 2015 9 17 21 21 1 -71.75849 -31.48594 32.81000 9 44 105 169 48 76 4.1 RM
 0.95272 2015 9 17 21 46 27 -71.38956 -30.78882 32.64420 4.1 RN
 0.95819 2015 9 17 21 54 20 -71.93133 -29.92639 22.75870 110 26 -159 1 81 -65 4.4 RM
 0.96775 2015 9 17 22 8 6 -72.19847 -30.29679 14.51780 27 44 118 170 52 65 4.9 RM
 0.98753 2015 9 17 22 36 35 -71.82453 -31.55510 6.27730 4.0 RN
 0.98944 2015 9 17 22 39 20 -71.83349 -31.04774 23.21610 10 72 -93 201 18 -80 5.2 RM
 1.01994 2015 9 17 23 23 15 -72.15628 -32.40338 17.74530 344 36 81 176 54 97 4.2 RM
 1.02736 2015 9 17 23 33 56 -71.48996 -31.17208 31.83270 4.0 RN
 1.02813 2015 9 17 23 35 2 -72.55895 -30.60011 20.96390 21 27 -58 167 67 -105 4.5 RM
 1.04201 2015 9 17 23 55 2 -72.22233 -31.84511 16.49610 357 53 86 184 38 95 5.1 RM
 1.05251 2015 9 18 0 10 9 -71.86053 -32.02134 23.17490 168 65 59 43 38 138 4.0 RM
 1.07259 2015 9 18 0 39 4 -71.60501 -31.67735 36.37400 4.4 RN
 1.07770 2015 9 18 0 46 25 -72.05161 -31.96575 18.02940 3.9 RN
 1.09521 2015 9 18 1 11 38 -71.66789 -31.42659 33.37410 4.5 RN
 1.10784 2015 9 18 1 29 49 -71.99258 -31.56703 26.12670 4.3 RN
 1.12212 2015 9 18 1 50 23 -71.79817 -31.46254 30.56730 4.8 RN
 1.13020 2015 9 18 2 2 1 -72.62277 -30.33603 10.54060 4.5 RN
 1.15998 2015 9 18 2 44 54 -72.75345 -31.02934 21.11350 4.2 RN
 1.16955 2015 9 18 2 58 41 -71.61245 -31.07785 29.37790 4.3 RN
 1.17094 2015 9 18 3 0 41 -71.68058 -31.51900 19.01540 4.3 RN
 1.17275 2015 9 18 3 3 18 -72.11918 -31.84728 28.49990 4.1 RN
 1.17367 2015 9 18 3 4 37 -72.11577 -32.43873 26.22380 4.6 RN
 1.18081 2015 9 18 3 14 54 -71.76310 -31.46183 33.16190 4.7 RN
 1.18134 2015 9 18 3 15 40 -71.58407 -31.52381 37.89610 351 38 88 173 52 92 4.9 RM
 1.19291 2015 9 18 3 32 19 -72.04178 -31.76636 20.76710 359 24 89 180 66 90 4.9 RM
 1.19700 2015 9 18 3 38 13 -71.91057 -31.96149 16.78580 4.6 RN
 1.22883 2015 9 18 4 24 3 -72.08079 -31.37757 10.88880 177 88 96 286 6 19 5.0 RM
 1.23233 2015 9 18 4 29 5 -71.77920 -31.67274 28.19540 29 42 119 173 54 66 4.7 RM
 1.23630 2015 9 18 4 34 48 -71.86037 -31.74015 28.09500 4.5 RN
 1.24229 2015 9 18 4 43 26 -71.58152 -31.77671 19.91470 4.5 RN
 1.25678 2015 9 18 5 4 18 -71.84812 -31.58876 24.00240 4.3 RN
 1.27302 2015 9 18 5 27 41 -72.06689 -31.73969 17.81830 15 42 110 170 51 73 4.3 RM
 1.27715 2015 9 18 5 33 38 -71.42201 -31.19237 42.64570 12 28 101 180 63 84 4.3 RM
 1.27729 2015 9 18 5 33 50 -71.66367 -31.27134 28.66720 4.4 RN
 1.28966 2015 9 18 5 51 39 -71.96542 -30.59398 20.00640 4.3 RN
 1.33340 2015 9 18 6 54 38 -71.38721 -31.42048 33.38030 4.2 RN
 1.34090 2015 9 18 7 5 26 -71.94848 -30.45769 20.21610 4 35 106 165 57 79 4.2 RM
 1.36003 2015 9 18 7 32 59 -72.13935 -32.09061 10.03450 4.4 RN
 1.36780 2015 9 18 7 44 10 -71.54997 -31.40710 40.58120 2 35 109 160 57 78 4.4 RM
 1.37133 2015 9 18 7 49 15 -72.18030 -31.80603 9.79760 179 61 93 352 29 84 4.6 RM
 1.37255 2015 9 18 7 51 0 -71.87712 -30.62796 19.99580 4.5 RN
 1.38331 2015 9 18 8 6 30 -72.11473 -30.48805 8.89500 4.4 RN
 1.39150 2015 9 18 8 18 18 -72.35269 -32.24149 9.69270 323 28 62 174 66 104 5.6 RM
 1.41791 2015 9 18 8 56 19 -72.66497 -30.22256 4.05150 4.1 RN
 1.42793 2015 9 18 9 10 45 -72.18303 -32.37319 10.38130 341 17 89 162 73 90 6.2 RM
 1.44502 2015 9 18 9 35 22 -72.30008 -31.31507 6.48610 4.5 RN
 1.45418 2015 9 18 9 48 33 -72.26935 -32.35441 20.19290 4.4 RN
 1.47723 2015 9 18 10 21 45 -72.20349 -31.47057 13.32870 4.7 RN
 1.50792 2015 9 18 11 5 56 -71.51743 -31.58855 42.00600 4.2 RN
 1.54191 2015 9 18 11 54 53 -71.95785 -31.55801 16.60160 4.2 RN
 1.55753 2015 9 18 12 17 23 -71.71862 -31.64073 19.61410 4.2 RN
 1.58057 2015 9 18 12 50 33 -72.07077 -30.14807 13.73980 3.8 RN
 1.58525 2015 9 18 12 57 18 -71.98732 -32.27994 20.67860 4.5 RN
 1.62275 2015 9 18 13 51 18 -71.90068 -31.44130 26.83380 14 21 93 191 69 89 5.2 RM
 1.62444 2015 9 18 13 53 44 -72.79892 -30.75479 15.37620 4.7 RN
 1.63443 2015 9 18 14 8 7 -71.46131 -31.00694 52.68120 341 33 80 173 58 97 4.2 RM
 1.67027 2015 9 18 14 59 43 -71.85786 -31.05414 32.58430 10 36 114 161 57 73 4.5 RM
 1.67957 2015 9 18 15 13 7 -72.18537 -32.32757 25.99330 4.2 RN
 1.67987 2015 9 18 15 13 33 -72.26588 -30.13851 23.19210 4.2 RN
 1.71117 2015 9 18 15 58 37 -71.83831 -30.65225 29.17570 356 34 89 177 56 90 4.1 RM
 1.71250 2015 9 18 16 0 32 -72.07546 -32.35872 16.06380 354 37 85 180 53 94 4.4 RM
 1.77273 2015 9 18 17 27 16 -71.83816 -31.08726 22.71980 344 63 74 197 31 119 4.1 RM
 1.78012 2015 9 18 17 37 54 -73.04551 -30.09206 4.75040 4.5 RN
 1.78163 2015 9 18 17 40 5 -72.13080 -32.16177 10.39490 4.4 RN
 1.80623 2015 9 18 18 15 30 -72.04921 -31.34454 17.66030 336 24 65 183 68 101 4.7 RM
 1.80942 2015 9 18 18 20 6 -70.96103 -28.27504 51.59820 4.6 RN
 1.81368 2015 9 18 18 26 14 -72.17124 -31.63459 16.25090 354 52 76 196 41 107 4.2 RM
 1.83065 2015 9 18 18 50 40 -71.87440 -32.35555 17.56470 4.1 RN
 1.83170 2015 9 18 18 52 11 -72.06730 -31.87711 16.11010 327 36 67 175 57 106 4.1 RM
 1.84194 2015 9 18 19 6 56 -72.07360 -30.46421 18.52600 17 45 121 156 52 62 4.0 RM
 1.84426 2015 9 18 19 10 16 -72.66994 -30.54867 3.23880 4.3 RN
 1.84973 2015 9 18 19 18 9 -72.01895 -31.92079 24.59540 4.5 RN
 1.85237 2015 9 18 19 21 57 -71.52362 -30.89952 36.39370 4.4 RN
 1.85491 2015 9 18 19 25 36 -72.10760 -31.73486 14.37430 203 65 63 73 36 134 4.6 RM
 1.86448 2015 9 18 19 39 23 -72.08718 -31.64782 13.06400 172 84 86 26 8 124 4.7 RM
 1.86628 2015 9 18 19 41 59 -71.85563 -30.86871 29.19400 4.9 RN
 1.87516 2015 9 18 19 54 46 -71.62731 -30.01239 21.34590 4.5 RN
 1.90495 2015 9 18 20 37 40 -71.98181 -30.69452 27.43240 4.4 RN
 1.90536 2015 9 18 20 38 15 -72.28105 -30.17387 5.94650 4.4 RN
 1.90653 2015 9 18 20 39 56 -71.65714 -30.60818 33.99920 325 18 77 159 72 94 4.2 RM
 1.91399 2015 9 18 20 50 41 -71.83892 -30.95933 22.59580 4.3 RN
 1.93868 2015 9 18 21 26 14 -71.84519 -32.32499 21.36310 3.9 RN
 1.95340 2015 9 18 21 47 26 -72.24744 -31.77303 16.03490 357 75 -89 171 15 -95 4.0 RM
 1.95759 2015 9 18 21 53 28 -72.48164 -30.22772 12.35490 351 62 73 204 33 119 4.1 RM
 1.97066 2015 9 18 22 12 17 -72.11455 -30.39556 13.89710 360 64 -97 196 27 -76 4.9 RM
 1.98667 2015 9 18 22 35 20 -72.72562 -30.27200 3.79760 8 49 -93 193 41 -86 4.7 RM
 1.99907 2015 9 18 22 53 12 -71.78528 -31.28763 29.16360 4.2 RN
 2.02529 2015 9 18 23 30 57 -72.18152 -31.88345 19.28720 5 41 83 194 49 96 4.1 RM
 2.03905 2015 9 18 23 50 46 -72.01584 -31.58628 24.09660 42 26 83 230 65 93 4.2 RM
 2.06731 2015 9 19 0 31 28 -72.06398 -30.54242 18.98880 164 56 69 18 39 117 4.4 RM
 2.07178 2015 9 19 0 37 54 -72.62427 -30.78088 32.17120 134 30 -150 18 76 -63 4.0 RM
 2.07515 2015 9 19 0 42 45 -71.67480 -31.67843 37.76500 345 52 73 192 41 111 4.4 RM
 2.08419 2015 9 19 0 55 46 -71.90722 -31.62680 15.21430 3.8 RN
 2.10059 2015 9 19 1 19 23 -71.87221 -30.87870 20.27670 4.6 RN
 2.10304 2015 9 19 1 22 55 -71.41854 -30.83465 31.82000 4.1 RN
 2.16330 2015 9 19 2 49 41 -71.77169 -31.53581 31.02890 149 57 71 1 37 117 4.7 RM
 2.18038 2015 9 19 3 14 17 -72.59071 -31.12714 12.58130 4.4 RN
 2.22098 2015 9 19 4 12 45 -72.07031 -31.22981 9.32880 4.5 RN
 2.22858 2015 9 19 4 23 41 -71.99667 -31.61646 18.50840 4.6 RN
 2.23559 2015 9 19 4 33 47 -72.71897 -30.41522 4.04860 5.0 RN
 2.24282 2015 9 19 4 44 12 -71.44650 -30.90836 46.42310 4 50 90 184 40 90 4.2 RM
 2.24925 2015 9 19 4 53 27 -72.07086 -31.75538 14.71110 4.4 RN
 2.25498 2015 9 19 5 1 42 -72.69502 -30.43557 2.24260 4.5 RN
 2.25852 2015 9 19 5 6 48 -72.08430 -29.68508 5.79140 328 25 67 173 67 100 6.1 RM
 2.26240 2015 9 19 5 12 23 -72.02833 -29.70921 13.49760 4.5 RN
 2.26321 2015 9 19 5 13 33 -71.51203 -31.75764 44.35320 4.2 RN
 2.28699 2015 9 19 5 47 48 -71.91687 -30.88471 12.99380 4.3 RN
 2.29229 2015 9 19 5 55 26 -71.48358 -31.80509 39.47190 4.5 RN
 2.31438 2015 9 19 6 27 14 -71.59248 -28.84962 26.98540 356 56 53 229 49 131 4.6 RM
 2.33648 2015 9 19 6 59 4 -72.17727 -31.72916 18.72570 4.2 RN
 2.35419 2015 9 19 7 24 34 -71.44420 -30.33067 31.93410 4.2 RN
 2.38229 2015 9 19 8 5 2 -72.67043 -30.47836 2.70660 4.3 RN
 2.40063 2015 9 19 8 31 26 -72.23154 -30.12271 12.69570 353 24 76 188 66 96 5.4 RM
 2.40692 2015 9 19 8 40 30 -71.90672 -30.84663 24.93860 4.1 RN
 2.42543 2015 9 19 9 7 9 -71.61975 -31.12984 32.27880 349 30 96 162 60 87 5.7 RM
 2.43766 2015 9 19 9 24 46 -72.15951 -30.45174 22.51090 4.5 RN
 2.44963 2015 9 19 9 41 60 -72.18117 -31.37198 12.89620 172 76 92 346 14 84 4.6 RM
 2.45431 2015 9 19 9 48 44 -72.73973 -30.53768 9.13340 4.6 RN
 2.48211 2015 9 19 10 28 46 -71.50385 -32.11367 24.75070 4.5 RN
 2.49411 2015 9 19 10 46 3 -71.15525 -33.99118 63.17370 4.4 RN
 2.52611 2015 9 19 11 32 8 -72.72304 -30.44281 7.55430 26 48 -75 184 45 -106 4.0 RM
 2.54362 2015 9 19 11 57 21 -72.59310 -30.44253 16.33240 4.8 RN
 2.58182 2015 9 19 12 52 21 -71.95508 -32.33772 18.34470 17 28 110 175 64 80 6.2 RM
 2.58789 2015 9 19 13 1 6 -71.84923 -32.42048 28.60230 4.9 RN
 2.59337 2015 9 19 13 8 59 -72.11115 -30.61689 18.54000 172 64 86 1 26 99 5.6 RM
 2.61205 2015 9 19 13 35 53 -71.81605 -32.39166 26.86890 4.4 RN
 2.62771 2015 9 19 13 58 26 -71.95258 -32.29691 15.78330 4.2 RN
 2.67206 2015 9 19 15 2 18 -72.14849 -31.72555 18.99850 357 28 86 181 62 92 4.5 RM
 2.68780 2015 9 19 15 24 58 -71.92621 -32.31973 29.02320 43 44 -174 308 86 -46 4.2 RM
 2.71911 2015 9 19 16 10 3 -71.99040 -32.47738 11.18690 4.4 RN
 2.72699 2015 9 19 16 21 24 -72.23950 -32.43539 19.19080 4.2 RN
 2.74774 2015 9 19 16 51 17 -71.85796 -30.63900 27.86240 4.2 RN
 2.78495 2015 9 19 17 44 52 -72.01338 -32.37852 23.01530 3.7 RN
 2.79742 2015 9 19 18 2 49 -72.23466 -31.80315 18.31750 349 36 78 184 55 98 4.0 RM
 2.80468 2015 9 19 18 13 16 -71.81212 -31.32913 32.95160 161 61 67 22 36 125 4.9 RM
 2.82229 2015 9 19 18 38 38 -72.84984 -31.11513 4.60220 4.3 RN
 2.83219 2015 9 19 18 52 53 -71.65546 -31.23701 29.08290 4.0 RN
 2.84145 2015 9 19 19 6 13 -72.17020 -30.54796 20.19390 4.5 RN
 2.84343 2015 9 19 19 9 4 -71.87946 -32.29550 20.12650 354 35 91 172 55 89 4.5 RM
 2.84750 2015 9 19 19 14 56 -72.12664 -32.42257 14.73120 4.2 RN
 2.90635 2015 9 19 20 39 41 -72.23823 -30.27043 5.92410 4.4 RN
 2.90750 2015 9 19 20 41 20 -72.17324 -32.36682 12.51150 15 34 112 169 59 76 4.2 RM
 2.91845 2015 9 19 20 57 6 -73.26209 -31.47802 2.34800 4.6 RN
 2.93666 2015 9 19 21 23 19 -72.65740 -30.19639 7.42100 4.2 RN
 2.93953 2015 9 19 21 27 27 -72.25367 -32.42469 18.49300 4.1 RN
 2.94748 2015 9 19 21 38 54 -72.14758 -30.30490 11.14980 24 36 102 190 55 82 4.0 RM
 2.94971 2015 9 19 21 42 7 -72.61118 -30.71421 5.79820 4.5 RN
 2.95507 2015 9 19 21 49 50 -72.12862 -31.35962 14.35500 4.0 RN
 2.96955 2015 9 19 22 10 41 -72.17500 -32.25445 15.10620 4.2 RN
 2.98679 2015 9 19 22 35 31 -71.40666 -30.86647 13.66870 4.3 RN
 2.99159 2015 9 19 22 42 25 -71.46601 -31.00247 47.43940 4.2 RN
 3.00356 2015 9 19 22 59 40 -71.38903 -30.86543 42.18090 359 32 95 173 58 87 4.4 RM
 3.01395 2015 9 19 23 14 37 -72.62820 -30.55313 3.17480 4.5 RN
 3.01531 2015 9 19 23 16 35 -72.56995 -30.50448 4.02050 4.5 RN
 3.01868 2015 9 19 23 21 26 -72.19252 -31.78850 12.90100 10 52 95 181 38 83 4.0 RM
 3.05272 2015 9 20 0 10 27 -71.69437 -30.85121 30.66280 13 36 116 162 58 73 4.0 RM
 3.06563 2015 9 20 0 29 2 -71.94008 -31.76587 16.69890 4.1 RN
 3.07900 2015 9 20 0 48 18 -72.06587 -32.27443 16.70710 4.2 RN
 3.08671 2015 9 20 0 59 24 -72.05045 -33.07807 18.39280 52 20 152 169 81 72 4.3 RM
 3.09588 2015 9 20 1 12 36 -72.72334 -30.40104 5.02510 4.2 RN
 3.10021 2015 9 20 1 18 50 -72.75649 -30.99152 5.55500 355 43 -82 165 47 -97 4.3 RM
 3.10191 2015 9 20 1 21 17 -72.04035 -32.38133 14.41750 4.2 RN
 3.10544 2015 9 20 1 26 22 -71.64915 -31.39469 29.10310 4.2 RN
 3.11113 2015 9 20 1 34 34 -72.49138 -30.45400 5.32060 13 34 -94 199 56 -87 4.4 RM
 3.11650 2015 9 20 1 42 18 -72.15183 -31.79698 11.13260 4.4 RN
 3.15788 2015 9 20 2 41 53 -71.83449 -31.75964 23.51150 4.3 RN
 3.17186 2015 9 20 3 2 1 -71.40589 -30.91350 44.52700 326 24 62 177 69 102 5.0 RM
 3.22747 2015 9 20 4 22 5 -71.83231 -32.14986 27.80480 178 64 108 322 31 58 4.2 RM
 3.30035 2015 9 20 6 7 2 -72.10794 -31.69111 18.77350 359 23 92 177 67 89 5.1 RM
 3.31551 2015 9 20 6 28 52 -72.74557 -31.25093 19.77780 4.6 RN
 3.32267 2015 9 20 6 39 11 -72.30989 -30.60645 32.62090 4.4 RN
 3.32961 2015 9 20 6 49 10 -72.21931 -31.73237 28.57560 173 70 74 32 26 126 4.2 RM
 3.33422 2015 9 20 6 55 49 -71.77310 -30.55182 33.28990 162 61 66 24 37 126 4.5 RM
 3.34449 2015 9 20 7 10 36 -71.79708 -32.44043 2.07350 4.6 RN
 3.36529 2015 9 20 7 40 33 -72.70043 -30.86297 5.58360 4.4 RN
 3.42225 2015 9 20 9 2 34 -72.23544 -30.27124 19.05820 15 40 94 190 50 87 5.1 RM
 3.43442 2015 9 20 9 20 6 -72.27904 -31.90586 8.75620 162 89 87 50 4 158 4.2 RM
 3.46017 2015 9 20 9 57 11 -72.54228 -31.84563 18.56390 0 50 86 186 40 94 4.3 RM
 3.57105 2015 9 20 12 36 51 -72.01349 -31.85898 22.39660 4.2 RN
 3.65042 2015 9 20 14 31 8 -71.71969 -30.58732 23.50090 50 11 143 176 84 81 4.7 RM
 3.65508 2015 9 20 14 37 51 -71.98136 -32.37975 7.87970 4.4 RN
 3.66053 2015 9 20 14 45 42 -72.16636 -30.42410 5.91300 4.3 RN
 3.67581 2015 9 20 15 7 42 -72.30842 -30.31673 7.69810 4.2 RN
 3.69742 2015 9 20 15 38 49 -72.11940 -31.75508 12.80400 6 80 -89 182 10 -94 4.1 RM
 3.70297 2015 9 20 15 46 49 -72.09390 -30.63011 8.57330 4.2 RN
 3.70466 2015 9 20 15 49 15 -71.80244 -31.33461 29.30100 4.0 RN
 3.72491 2015 9 20 16 18 24 -72.57154 -30.20434 9.07200 4.3 RN
 3.76662 2015 9 20 17 18 28 -71.81899 -30.64318 33.60280 50 13 153 167 84 79 5.0 RM
 3.79941 2015 9 20 18 5 41 -71.78577 -30.94132 28.95200 4.2 RN
 3.89906 2015 9 20 20 29 11 -71.87169 -30.58074 33.90790 155 69 64 29 34 139 4.9 RM
 3.96567 2015 9 20 22 5 6 -72.51235 -30.51986 20.85940 4.3 RN
 4.00391 2015 9 20 23 0 10 -71.81949 -30.79794 20.51000 4.1 RN
 4.04932 2015 9 21 0 5 33 -71.47636 -30.82227 34.74470 4.0 RN
 4.05925 2015 9 21 0 19 51 -71.95879 -29.92760 20.47980 3.9 RN
 4.11646 2015 9 21 1 42 14 -72.03788 -30.70086 7.98800 4.1 RN
 4.12433 2015 9 21 1 53 34 -72.63299 -30.41722 3.20550 4.2 RN
 4.17292 2015 9 21 3 3 32 -72.11577 -30.42036 5.65900 4.2 RN
 4.18243 2015 9 21 3 17 14 -71.91613 -32.29336 15.21930 4.4 RN
 4.18631 2015 9 21 3 22 49 -72.03535 -30.41607 13.35100 4.3 RN
 4.25907 2015 9 21 5 7 36 -71.99215 -33.06495 26.11430 170 86 62 72 28 171 4.0 RM
 4.27492 2015 9 21 5 30 25 -72.30559 -32.38730 28.10380 4.2 RN
 4.28127 2015 9 21 5 39 34 -71.62222 -31.61144 31.77990 3 31 106 164 60 81 6.1 RM
 4.28918 2015 9 21 5 50 57 -72.20965 -32.36687 15.91520 4.7 RN
 4.31785 2015 9 21 6 32 14 -72.05876 -30.94949 10.36800 4.2 RN
 4.33220 2015 9 21 6 52 54 -71.82007 -31.46385 29.05970 4.2 RN
 4.35006 2015 9 21 7 18 37 -71.48962 -30.69015 34.13890 4.5 RN
 4.35122 2015 9 21 7 20 17 -72.59029 -31.13063 10.36220 4.6 RN
 4.35495 2015 9 21 7 25 40 -72.06501 -30.54116 12.26760 4.1 RN
 4.47126 2015 9 21 10 13 9 -71.46032 -30.79896 42.85300 166 45 78 2 46 101 4.3 RM
 4.57035 2015 9 21 12 35 50 -72.58405 -31.10913 20.85140 4.6 RN
 4.57975 2015 9 21 12 49 22 -73.22507 -30.97494 7.90480 160 45 -106 3 47 -74 4.6 RM
 4.59090 2015 9 21 13 5 26 -71.80297 -31.62121 24.40800 159 59 63 23 40 127 4.1 RM
 4.64696 2015 9 21 14 26 9 -72.20175 -30.04692 14.87770 4.3 RN
 4.69625 2015 9 21 15 37 8 -71.82067 -31.09119 27.85280 165 65 75 17 29 119 5.4 RM
 4.70167 2015 9 21 15 44 56 -71.91597 -31.08473 20.90880 4.5 RN
 4.74554 2015 9 21 16 48 7 -71.65688 -30.85813 33.90730 4.4 RN
 4.74867 2015 9 21 16 52 37 -71.85539 -30.64095 22.80360 4.6 RN
 4.75507 2015 9 21 17 1 50 -72.04528 -31.69449 12.56900 4.1 RN
 4.78157 2015 9 21 17 39 60 -71.48163 -31.75294 35.47630 358 34 91 176 56 89 6.6 RM
 4.80104 2015 9 21 18 8 2 -71.84135 -31.07252 31.56600 4.5 RN
 4.80781 2015 9 21 18 17 47 -72.08735 -31.62376 14.85270 4.7 RN
 4.82108 2015 9 21 18 36 53 -71.70436 -31.08956 26.99100 351 15 97 164 75 88 5.5 RM
 4.82818 2015 9 21 18 47 7 -71.58384 -31.77597 36.48890 4.7 RN
 4.83551 2015 9 21 18 57 40 -71.87976 -31.09706 18.13150 4.4 RN
 4.84273 2015 9 21 19 8 4 -71.60298 -31.60094 32.46890 4.2 RN
 4.87612 2015 9 21 19 56 9 -71.59817 -31.77346 31.73130 163 71 86 355 20 101 5.6 RM
 4.88272 2015 9 21 20 5 39 -72.22496 -32.09870 7.83780 4.2 RN
 4.89584 2015 9 21 20 24 33 -72.14060 -31.82666 9.92410 4.8 RN
 4.92022 2015 9 21 20 59 39 -72.24076 -29.51253 18.39160 4.5 RN
 4.93236 2015 9 21 21 17 8 -72.02250 -33.06823 14.30450 4.4 RN
 4.97986 2015 9 21 22 25 32 -71.66109 -31.72201 31.29100 3.7 RN
 5.08446 2015 9 22 0 56 9 -71.92317 -30.83056 30.34820 3.9 RN
 5.09751 2015 9 22 1 14 57 -72.01028 -32.16906 22.68370 8 45 106 166 48 74 4.4 RM
 5.15307 2015 9 22 2 34 57 -72.12992 -29.73918 16.97120 4.1 RN
 5.16119 2015 9 22 2 46 39 -72.78040 -31.74411 7.92560 4.2 RN
 5.16242 2015 9 22 2 48 25 -72.70241 -30.24032 15.57300 4.4 RN
 5.17826 2015 9 22 3 11 14 -72.09254 -30.03691 15.28510 164 65 70 24 31 126 4.4 RM
 5.19741 2015 9 22 3 38 48 -72.20352 -31.71207 23.67870 4.1 RN
 5.27662 2015 9 22 5 32 52 -71.96465 -30.48440 13.80160 4.4 RN
 5.29236 2015 9 22 5 55 32 -72.63712 -30.47965 3.85890 4.3 RN
 5.33988 2015 9 22 7 3 58 -72.29868 -32.16462 36.57590 4.8 RN
 5.34615 2015 9 22 7 12 59 -71.16108 -31.48712 52.06820 3 35 104 165 57 80 6.0 RM
 5.40488 2015 9 22 8 37 34 -71.67271 -30.46500 29.46620 310 36 66 159 58 107 4.4 RM
 5.41660 2015 9 22 8 54 26 -72.02072 -31.56832 21.09890 158 75 123 269 36 25 4.2 RM
 5.46337 2015 9 22 10 1 47 -72.10220 -32.13143 14.83570 3.9 RN
 5.49090 2015 9 22 10 41 26 -71.84572 -30.84869 19.14740 4.2 RN
 5.59918 2015 9 22 13 17 21 -71.97035 -32.17531 23.65380 117 45 71 323 48 108 4.4 RM
 5.61527 2015 9 22 13 40 31 -71.33252 -33.27776 34.46830 4.3 RN
 5.66066 2015 9 22 14 45 53 -71.82314 -31.24074 24.50560 127 52 70 337 42 114 4.0 RM
 5.66370 2015 9 22 14 50 16 -72.13687 -30.57875 7.99120 4.3 RN
 5.74347 2015 9 22 16 45 8 -72.28023 -32.19630 12.67260 188 69 81 31 23 112 4.1 RM
 5.91075 2015 9 22 20 46 1 -71.91844 -30.96915 20.21270 4.7 RN
 5.94049 2015 9 22 21 28 50 -71.81617 -29.78504 13.70420 4.3 RN
 5.95134 2015 9 22 21 44 28 -71.97172 -31.46974 18.10800 3.9 RN
 5.98066 2015 9 22 22 26 41 -71.59908 -31.05193 34.42920 16 30 96 189 60 87 4.3 RM
 6.02168 2015 9 22 23 25 45 -71.86637 -32.29879 13.91360 4.0 RN
 6.06197 2015 9 23 0 23 46 -71.24831 -31.63901 47.74680 4.3 RN
 6.12338 2015 9 23 1 52 12 -72.29615 -31.62238 6.09390 4.0 RN
 6.12993 2015 9 23 2 1 38 -72.74852 -31.15957 2.42970 4.6 RN
 6.21168 2015 9 23 3 59 21 -72.19583 -31.70096 11.96960 4.1 RN
 6.22703 2015 9 23 4 21 27 -71.96168 -31.35114 12.86490 186 78 95 346 13 70 4.6 RM
 6.25788 2015 9 23 5 5 53 -71.90671 -30.73833 15.80750 4.1 RN
 6.27041 2015 9 23 5 23 55 -72.03748 -30.41865 7.26680 4.4 RN
 6.43487 2015 9 23 9 20 45 -71.79119 -30.64408 26.90270 4.3 RN
 6.46622 2015 9 23 10 5 53 -71.91687 -31.53709 32.70480 4.5 RN
 6.52650 2015 9 23 11 32 42 -71.91790 -31.64208 23.98510 17 33 106 178 59 80 5.0 RM
 6.58369 2015 9 23 12 55 3 -72.02325 -31.63635 31.92510 4.4 RN
 6.63293 2015 9 23 14 5 57 -71.62561 -31.44848 43.20310 4.4 RN
 6.66179 2015 9 23 14 47 31 -71.74142 -31.49105 25.52440 4.3 RN
 6.66604 2015 9 23 14 53 38 -71.58670 -30.90604 30.49860 4.3 RN
 6.67519 2015 9 23 15 6 48 -72.25818 -32.40773 13.58170 8 32 100 176 58 83 4.3 RM
 6.67727 2015 9 23 15 9 48 -71.64154 -30.97451 27.54860 4.2 RN
 6.68797 2015 9 23 15 25 13 -71.80559 -31.58450 30.67090 4.0 RN
 6.70649 2015 9 23 15 51 53 -71.78337 -30.92301 23.05000 4.3 RN
 6.75810 2015 9 23 17 6 12 -73.00429 -30.34957 12.15640 4.3 RN
 6.77507 2015 9 23 17 30 38 -72.01085 -31.50806 28.23640 4.2 RN
 6.85955 2015 9 23 19 32 17 -72.00483 -30.29474 19.81330 4.2 RN
 6.96135 2015 9 23 21 58 53 -72.62177 -30.65228 10.54710 4.3 RN
 6.98949 2015 9 23 22 39 24 -72.06223 -31.80436 15.26530 6 37 95 180 53 86 4.1 RM
 6.99604 2015 9 23 22 48 50 -71.96814 -31.75984 20.50860 353 42 87 177 48 92 4.0 RM
 7.04030 2015 9 23 23 52 34 -72.23420 -31.78740 12.30260 1 42 90 182 48 90 4.2 RM
 7.05341 2015 9 24 0 11 27 -72.68390 -30.96846 3.72160 359 53 -102 197 39 -75 4.2 RM
 7.10282 2015 9 24 1 22 36 -70.54341 -32.35133 9.97370 3.9 RN
 7.20485 2015 9 24 3 49 31 -71.91169 -30.86035 28.23460 4.3 RN
 7.37613 2015 9 24 7 56 10 -72.69526 -30.48148 4.87180 4.5 RN
 7.41637 2015 9 24 8 54 6 -72.09858 -31.84831 15.99090 347 40 79 181 51 99 4.4 RM
 7.42938 2015 9 24 9 12 50 -72.20250 -33.92708 29.80580 4.0 RN
 7.43178 2015 9 24 9 16 18 -72.11175 -31.81570 20.06910 4.4 RN
 7.55601 2015 9 24 12 15 11 -72.12928 -31.84303 16.74240 4.3 RN
 7.61207 2015 9 24 13 35 55 -71.52735 -31.67797 34.05700 4.7 RN
 7.65640 2015 9 24 14 39 45 -71.92618 -32.29044 23.11760 4.7 RN
 7.72145 2015 9 24 16 13 25 -71.40724 -30.76295 42.07270 172 52 93 348 38 86 5.2 RM
 7.72978 2015 9 24 16 25 25 -71.51241 -30.73162 33.74260 4.5 RN
 7.73581 2015 9 24 16 34 6 -71.42203 -30.74782 41.89010 4.4 RN
 7.76872 2015 9 24 17 21 29 -72.02190 -31.71117 22.66760 4.5 RN
 7.80970 2015 9 24 18 20 30 -71.62752 -30.89089 33.66200 4.5 RN
 7.98733 2015 9 24 22 36 17 -72.12516 -30.55894 15.28960 19 38 106 179 54 78 4.5 RM
 8.17034 2015 9 25 2 59 49 -72.22241 -32.30241 19.42250 345 19 87 169 71 91 4.4 RM
 8.18376 2015 9 25 3 19 9 -72.35776 -32.30628 17.81310 1 31 97 172 59 86 4.2 RM
 8.21708 2015 9 25 4 7 8 -72.82658 -29.97865 5.92900 3.8 RN
 8.40409 2015 9 25 8 36 25 -72.08480 -30.59913 9.70650 4.3 RN
 8.42992 2015 9 25 9 13 37 -72.14456 -31.80013 16.54630 359 40 88 182 50 92 4.0 RM
 8.43831 2015 9 25 9 25 42 -71.83018 -31.34266 31.07470 4.4 RN
 8.45987 2015 9 25 9 56 45 -72.12306 -31.79773 17.44570 188 50 105 344 42 72 4.3 RM
 8.52706 2015 9 25 11 33 30 -71.62332 -31.64909 33.30870 4.0 RN
 8.53653 2015 9 25 11 47 8 -71.85908 -31.55018 23.13870 4.7 RN
 8.90031 2015 9 25 20 30 59 -72.03764 -30.57530 16.67580 13 34 107 172 58 79 4.7 RM
 9.12834 2015 9 26 1 59 21 -72.74271 -30.42135 5.21560 4.2 RN
 9.16442 2015 9 26 2 51 18 -71.39991 -30.85876 45.77910 4 39 103 168 52 80 6.3 RM
 9.17278 2015 9 26 3 3 20 -71.57902 -30.75585 29.36640 5.0 RN
 9.20323 2015 9 26 3 47 11 -71.37839 -30.81169 33.88560 4.2 RN
 9.21281 2015 9 26 4 0 59 -71.41714 -30.72542 32.92460 4.2 RN
 9.24961 2015 9 26 4 53 58 -71.44980 -30.73593 33.78130 4.4 RN
 9.30694 2015 9 26 6 16 32 -72.06262 -31.84568 13.50220 4.2 RN
 9.37571 2015 9 26 7 55 33 -71.99917 -30.66036 18.70650 17 36 116 167 58 73 4.5 RM
 9.39242 2015 9 26 8 19 37 -71.44367 -30.79843 38.63420 4.2 RN
 9.39448 2015 9 26 8 22 35 -71.51220 -30.78744 33.43440 4.0 RN
 9.41003 2015 9 26 8 44 59 -71.47460 -30.86102 34.01540 4.3 RN
 9.44677 2015 9 26 9 37 53 -71.41618 -31.43495 41.90720 173 58 85 3 32 98 4.3 RM
 9.49426 2015 9 26 10 46 16 -72.35449 -32.91011 18.26980 4.3 RN
 9.51455 2015 9 26 11 15 29 -72.03558 -31.83292 24.19210 4.5 RN
 9.58884 2015 9 26 13 2 28 -71.67613 -30.64839 32.58630 4.1 RN
 9.59171 2015 9 26 13 6 36 -71.91481 -31.87025 40.21650 4.2 RN
 9.80078 2015 9 26 18 7 39 -71.97983 -30.38583 21.39950 3.8 RN
 9.83013 2015 9 26 18 49 55 -71.85683 -31.66295 28.42510 4.2 RN
 9.89253 2015 9 26 20 19 47 -72.11782 -31.36159 13.94800 4.1 RN
 9.90500 2015 9 26 20 37 44 -72.72486 -30.59249 2.73910 4.2 RN
 9.91529 2015 9 26 20 52 33 -71.44607 -30.78652 40.88570 8 34 99 177 57 84 4.1 RM
 9.93301 2015 9 26 21 18 4 -71.76766 -31.26249 29.84150 3.9 RN
 9.95417 2015 9 26 21 48 32 -72.11408 -30.44027 5.39410 4.2 RN
 9.98949 2015 9 26 22 39 24 -71.97650 -31.67290 16.38870 4.3 RN
 10.04506 2015 9 26 23 59 25 -72.94806 -31.77936 3.37160 9 31 -105 207 60 -81 4.3 RM
 10.04976 2015 9 27 0 6 11 -72.86051 -31.77879 9.93050 4.2 RN
 10.28715 2015 9 27 5 48 2 -71.79568 -30.65128 27.48190 16 30 112 171 63 78 4.3 RM
 10.31487 2015 9 27 6 27 57 -72.15509 -30.18887 10.38740 4.6 RN
 10.39866 2015 9 27 8 28 36 -71.47881 -30.76334 37.30470 7 31 113 160 62 76 4.3 RM
 10.62876 2015 9 27 13 59 57 -72.60726 -30.70900 4.11700 4.1 RN
 10.65167 2015 9 27 14 32 56 -72.69978 -30.71007 3.44620 3.8 RN
 10.68451 2015 9 27 15 20 14 -72.53516 -30.01554 6.88280 4.2 RN
 10.73015 2015 9 27 16 25 57 -71.38539 -30.82417 26.60740 4.5 RN
 10.74303 2015 9 27 16 44 30 -71.96025 -30.63287 19.85360 3.8 RN
 10.92122 2015 9 27 21 1 5 -72.20458 -30.32182 13.81990 12 39 104 174 53 79 4.4 RM
 10.92377 2015 9 27 21 4 46 -71.74267 -31.67894 42.85060 172 61 96 339 29 79 5.4 RM
 10.98988 2015 9 27 22 39 58 -71.83958 -31.22163 24.45450 353 21 88 175 69 91 4.6 RM
 10.99899 2015 9 27 22 53 5 -71.51321 -30.97148 34.18030 4.4 RN
 11.17579 2015 9 28 3 7 40 -72.03772 -31.72420 20.51970 358 29 93 174 61 88 4.0 RM
 11.22334 2015 9 28 4 16 9 -71.59067 -31.38846 32.66010 4.1 RN
 11.29944 2015 9 28 6 5 44 -72.21714 -31.78925 15.23790 4 40 92 181 50 88 4.8 RM
 11.34457 2015 9 28 7 10 43 -72.10265 -30.50310 14.39030 4.3 RN
 11.39911 2015 9 28 8 29 15 -71.68811 -31.60051 25.78210 4.5 RN
 11.58844 2015 9 28 13 1 53 -71.44112 -31.22144 31.40930 4.3 RN
 11.74284 2015 9 28 16 44 13 -71.46790 -30.89925 34.01640 4.1 RN
 11.75366 2015 9 28 16 59 48 -71.44865 -31.61473 41.18270 4.4 RN
 11.89787 2015 9 28 20 27 28 -71.68577 -31.06006 31.78970 3.8 RN
 12.09947 2015 9 29 1 17 46 -71.47773 -30.74827 34.15790 4.2 RN
 12.16808 2015 9 29 2 56 34 -72.14080 -33.02463 19.81760 327 23 -115 174 69 -80 4.3 RM
 12.20399 2015 9 29 3 48 17 -71.66009 -31.18216 26.58650 4.3 RN
 12.20909 2015 9 29 3 55 37 -71.63124 -30.89599 27.37690 4.3 RN
 12.31280 2015 9 29 6 24 58 -72.02163 -31.89649 20.64540 3.5 RN
 12.46308 2015 9 29 10 1 22 -72.08674 -31.35911 14.38150 279 53 2 188 88 143 4.2 RM
 12.60126 2015 9 29 13 20 21 -72.04537 -33.03503 17.89240 4.1 RN
 12.61682 2015 9 29 13 42 45 -72.11021 -33.01824 18.13200 171 79 71 52 22 150 4.6 RM
 12.74426 2015 9 29 16 46 16 -71.98261 -31.58143 2.59000 4.4 RN
 12.83672 2015 9 29 18 59 25 -71.40967 -31.76411 34.12810 4.4 RN
 13.09198 2015 9 30 1 6 59 -71.67618 -31.52879 30.05470 7 25 102 173 65 84 4.2 RM
 13.10939 2015 9 30 1 32 3 -71.83983 -30.64009 23.86510 3.9 RN
 13.12884 2015 9 30 2 0 4 -71.68898 -30.65708 26.68060 9 19 106 172 71 85 4.6 RM
 13.22637 2015 9 30 4 20 30 -72.72036 -30.85763 13.79980 4.2 RN
 13.56677 2015 9 30 12 30 41 -71.86684 -30.92987 29.06280 9 44 105 169 47 76 4.2 RM
 13.64896 2015 9 30 14 29 2 -72.84874 -31.64606 2.68600 4.2 RN
 13.81023 2015 9 30 18 21 16 -71.69672 -30.63381 28.55300 150 53 82 344 38 101 4.2 RM
 13.88766 2015 9 30 20 12 46 -71.98269 -31.79048 19.17650 4.4 RN
 14.00362 2015 9 30 22 59 45 -71.46383 -30.76538 34.60690 4.4 RN
 14.00712 2015 9 30 23 4 47 -71.99087 -30.46103 18.99160 4.2 RN
 14.13322 2015 10 1 2 6 22 -71.51705 -30.71817 33.96140 4.7 RN
 14.14678 2015 10 1 2 25 54 -72.01236 -30.16505 16.27780 11 31 110 168 61 79 4.6 RM
 14.18549 2015 10 1 3 21 38 -72.20189 -31.90813 17.03590 184 57 114 324 40 57 4.4 RM
 14.44059 2015 10 1 9 28 59 -71.34326 -31.77299 30.84520 4.0 RN
 14.65046 2015 10 1 14 31 12 -72.05866 -32.79453 24.52460 4.5 RN
 14.74542 2015 10 1 16 47 56 -72.03101 -32.80224 16.55150 173 67 62 46 36 137 4.1 RM
 14.89863 2015 10 1 20 28 34 -72.56378 -30.57534 11.87490 4.4 RN
 15.36723 2015 10 2 7 43 21 -71.61147 -30.93611 26.66490 4.5 RN
 15.37486 2015 10 2 7 54 20 -72.84384 -31.44148 2.96720 4.5 RN
 15.38785 2015 10 2 8 13 2 -72.80107 -31.81578 7.68620 4.4 RN
 15.40663 2015 10 2 8 40 5 -71.73890 -30.67970 20.88410 4.4 RN
 15.66230 2015 10 2 14 48 15 -71.91820 -32.04280 28.65680 4.5 RN
 15.67343 2015 10 2 15 4 16 -71.47126 -30.55239 46.10710 3.9 RN
 15.72795 2015 10 2 16 22 47 -71.80644 -30.58044 33.47750 27 44 136 152 61 55 4.9 RM
 15.73537 2015 10 2 16 33 28 -72.75834 -31.06184 7.25930 209 37 -46 339 65 -117 4.9 RM
 15.86683 2015 10 2 19 42 46 -72.70475 -31.08283 5.59470 4.2 RN
 15.88065 2015 10 2 20 2 40 -71.34219 -31.12126 37.45870 4.0 RN
 15.97810 2015 10 2 22 22 60 -71.46221 -30.74661 32.36870 4.0 RN
 16.05969 2015 10 3 0 20 29 -71.85477 -33.80186 33.07130 4.3 RN
 16.11340 2015 10 3 1 37 50 -72.72762 -30.61370 7.92520 4.2 RN
 16.23049 2015 10 3 4 26 26 -72.09336 -32.83634 17.97540 13 41 108 170 51 75 4.0 RM
 16.31416 2015 10 3 6 26 55 -71.52019 -30.30210 34.51300 171 57 76 16 35 111 5.9 RM
 16.35102 2015 10 3 7 19 60 -71.50569 -30.32342 33.78600 4.3 RN
 16.36698 2015 10 3 7 42 59 -71.99766 -32.28364 16.01350 4.3 RN
 16.39750 2015 10 3 8 26 56 -71.57901 -30.32569 33.09590 4.5 RN
 16.42664 2015 10 3 9 8 54 -72.01644 -31.77477 14.11530 13 22 79 204 69 94 4.0 RM
 16.50503 2015 10 3 11 1 47 -72.31647 -31.75050 15.92920 2 38 89 183 52 91 4.5 RM
 16.51840 2015 10 3 11 21 2 -71.72626 -29.82340 30.75370 16 30 111 173 62 78 5.1 RM
 16.62058 2015 10 3 13 48 10 -71.69379 -29.87246 32.75990 203 61 90 23 29 90 4.3 RM
 16.81481 2015 10 3 18 27 52 -71.75597 -30.62523 29.47660 18 28 123 162 67 74 4.0 RM
 16.83686 2015 10 3 18 59 37 -71.47129 -30.81732 34.35730 4.2 RN
 16.86722 2015 10 3 19 43 20 -71.20373 -29.46510 43.06070 4.4 RN
 17.02014 2015 10 3 23 23 32 -72.88634 -31.69194 4.01440 3.9 RN
 17.20507 2015 10 4 3 49 50 -72.10610 -30.31847 9.19710 5 24 100 174 67 86 5.5 RM
 17.42510 2015 10 4 9 6 41 -71.63877 -30.86620 35.11820 139 50 58 3 49 123 4.1 RM
 17.47043 2015 10 4 10 11 57 -71.76606 -30.62882 32.97020 30 43 128 164 57 60 5.0 RM
 17.75197 2015 10 4 16 57 22 -72.20813 -30.53462 5.89820 110 43 -116 324 53 -68 4.4 RM
 17.79421 2015 10 4 17 58 12 -71.53207 -30.71654 20.83870 4.2 RN
 17.81066 2015 10 4 18 21 53 -71.64578 -30.28326 33.43840 4.2 RN
 18.13078 2015 10 5 2 2 51 -71.66295 -31.81406 33.61580 3.9 RN
 18.25721 2015 10 5 5 4 55 -71.93143 -31.75119 15.95550 4.3 RN
 18.73535 2015 10 5 16 33 26 -71.49462 -30.31402 32.68190 5 39 101 170 52 81 5.9 RM
 18.77525 2015 10 5 17 30 54 -72.75400 -31.11653 6.97120 4.6 RN
 18.95632 2015 10 5 21 51 38 -71.83972 -32.12836 20.18960 4.2 RN
 18.96094 2015 10 5 21 58 17 -71.80400 -32.12351 19.26860 4.2 RN
 19.12947 2015 10 6 2 0 58 -72.01885 -31.69910 23.36740 1 33 90 180 57 90 4.2 RM
 19.24807 2015 10 6 4 51 45 -72.14007 -30.32930 10.66780 20 46 114 167 49 67 4.7 RM
 19.49514 2015 10 6 10 47 32 -71.43758 -31.47106 42.60650 16 33 93 193 57 88 4.7 RM
 19.59344 2015 10 6 13 9 5 -71.86805 -30.39646 20.81900 4.2 RN
 19.62367 2015 10 6 13 52 37 -71.91345 -31.70328 16.16450 4.1 RN
 19.99584 2015 10 6 22 48 33 -71.47581 -30.90250 39.53870 14 50 94 188 40 86 4.7 RM
 20.13743 2015 10 7 2 12 26 -72.04028 -30.40256 6.77400 4.2 RN
 20.17197 2015 10 7 3 2 10 -71.44737 -30.81609 34.37340 4.5 RN
 20.24403 2015 10 7 4 45 56 -72.19288 -30.37868 16.76880 4.1 RN
 20.35730 2015 10 7 7 29 3 -72.15927 -30.32868 10.00510 10 43 102 174 48 79 4.2 RM
 20.37928 2015 10 7 8 0 42 -71.26091 -30.30364 22.86450 4.8 RN
 20.56950 2015 10 7 12 34 37 -71.75704 -31.51173 27.48200 4.5 RN
 20.59181 2015 10 7 13 6 44 -72.28531 -31.85135 10.84170 4.2 RN
 20.86162 2015 10 7 19 35 16 -71.48183 -30.84221 33.35040 4.5 RN
 21.03380 2015 10 7 23 43 12 -72.27722 -31.64918 8.29150 4.1 RN
 21.16650 2015 10 8 2 54 18 -72.04560 -30.38638 9.77300 4.1 RN
 21.35294 2015 10 8 7 22 46 -71.69212 -30.69939 32.81260 5 44 94 179 46 86 4.3 RM
 21.41090 2015 10 8 8 46 14 -71.60043 -30.75933 33.01480 4.1 RN
 22.30166 2015 10 9 6 8 55 -71.50967 -30.88933 42.29660 144 47 57 8 52 121 4.6 RM
 22.33197 2015 10 9 6 52 34 -71.53293 -31.54478 32.88370 4.0 RN
 22.39313 2015 10 9 8 20 38 -71.39535 -31.04837 48.78020 4.4 RN
 22.48880 2015 10 9 10 38 24 -72.29726 -30.66266 12.50700 25 46 119 166 52 63 4.3 RM
 22.57718 2015 10 9 12 45 40 -72.07552 -30.17761 10.64460 28 44 125 164 56 61 4.3 RM
 22.81462 2015 10 9 18 27 35 -71.64161 -31.76506 26.87090 42 30 116 193 63 76 5.5 RM
 22.86086 2015 10 9 19 34 10 -72.20506 -31.77396 17.06990 44 28 117 194 65 76 4.1 RM
 22.97485 2015 10 9 22 18 19 -71.50461 -30.64639 45.85840 166 79 86 8 12 112 4.1 RM
 23.41951 2015 10 10 8 58 38 -72.09744 -30.66663 14.49310 157 60 79 358 31 109 4.5 RM
 23.59862 2015 10 10 13 16 33 -71.69843 -30.57524 31.09140 4.2 RN
 23.64691 2015 10 10 14 26 5 -71.65565 -31.77943 37.07370 4.1 RN
 24.00963 2015 10 10 23 8 24 -72.68568 -30.40611 6.66870 4.4 RN
 24.15208 2015 10 11 2 33 32 -71.43030 -30.76793 40.68800 4.6 RN
 24.62838 2015 10 11 13 59 24 -69.24620 -31.39070 116.80000 4.2 UN
 24.75031 2015 10 11 16 54 59 -71.68190 -30.69922 26.15620 164 62 85 354 29 98 4.6 RM
 24.93694 2015 10 11 21 23 44 -71.42265 -30.71466 34.19980 4.7 RN
 25.11961 2015 10 12 1 46 46 -71.46315 -30.77386 32.26550 4.2 RN
 25.16983 2015 10 12 2 59 5 -71.78380 -32.12203 31.87270 4.1 RN
 25.18110 2015 10 12 3 15 19 -71.79870 -31.18648 23.64080 14 36 115 164 58 73 5.6 RM
 25.19237 2015 10 12 3 31 33 -71.80075 -31.20712 26.87800 169 65 75 21 29 119 5.0 RM
 25.24706 2015 10 12 4 50 18 -71.80607 -31.18521 24.99610 4.0 RN
 25.26096 2015 10 12 5 10 19 -71.84582 -31.19527 32.59530 4.1 RN
 25.33639 2015 10 12 6 58 56 -71.79340 -29.64734 47.07390 4.5 RN
 25.48157 2015 10 12 10 27 60 -71.75437 -30.43000 19.79880 4.2 RN
 25.63554 2015 10 12 14 9 43 -71.80586 -31.19145 24.74700 4.5 RN
 25.66212 2015 10 12 14 47 59 -71.79303 -31.16433 32.29490 4.0 RN
 25.67001 2015 10 12 14 59 21 -71.82179 -30.59145 27.31580 5 29 109 163 63 80 4.2 RM
 25.71285 2015 10 12 16 1 2 -71.43523 -30.78592 34.54360 4.6 RN
 25.74457 2015 10 12 16 46 43 -71.83665 -30.63255 19.39090 167 55 70 20 40 116 4.6 RM
 25.75890 2015 10 12 17 7 21 -72.35271 -33.31504 14.86120 25 36 95 199 54 86 4.2 RM
 26.02495 2015 10 12 23 30 28 -72.06525 -30.57188 15.54750 25 46 124 161 53 60 4.3 RM
 26.05604 2015 10 13 0 15 14 -71.74132 -30.71653 27.50340 4.1 RN
 26.09096 2015 10 13 1 5 31 -71.73287 -30.42062 22.48170 4.4 RN
 26.43249 2015 10 13 9 17 19 -71.80108 -30.13051 14.76550 4.3 RN
 26.44065 2015 10 13 9 29 4 -72.30976 -34.06916 16.18310 4.2 RN
 26.51520 2015 10 13 11 16 25 -71.35166 -30.61611 33.06580 4.3 RN
 26.57735 2015 10 13 12 45 55 -70.79658 -27.71213 33.92240 4.2 RN
 26.78644 2015 10 13 17 46 60 -72.12719 -31.76223 12.96720 3.9 RN
 26.86007 2015 10 13 19 33 2 -71.49406 -31.22788 46.75800 12 75 97 166 16 64 4.1 RM
 27.02185 2015 10 13 23 25 60 -72.04156 -30.95212 10.10520 4.0 RN
 27.20381 2015 10 14 3 48 1 -71.85435 -30.44279 19.79430 4.2 RN
 27.40353 2015 10 14 8 35 37 -71.52484 -31.31292 33.25400 4.2 RN
 27.52514 2015 10 14 11 30 44 -72.65476 -33.33540 22.00930 353 39 92 169 51 88 4.4 RM
 28.50601 2015 10 15 11 3 11 -71.80630 -30.83271 27.81430 4.7 RN
 28.85336 2015 10 15 19 23 22 -71.63721 -30.58689 33.67100 171 66 67 37 32 131 4.9 RM
 28.90589 2015 10 15 20 39 1 -71.63873 -30.59815 32.78790 31 27 131 167 70 71 4.2 RM
 28.97515 2015 10 15 22 18 45 -71.84884 -30.63105 26.25110 346 22 79 178 69 94 4.0 RM
 29.33059 2015 10 16 6 50 35 -71.52272 -30.59578 24.48980 4.1 RN
 29.57961 2015 10 16 12 49 10 -71.76580 -31.47635 33.48840 168 52 72 15 42 111 4.2 RM
 29.75272 2015 10 16 16 58 27 -71.86761 -30.60136 45.63620 24 43 130 155 58 59 4.1 RM
 30.40584 2015 10 17 8 38 57 -72.01601 -31.70144 19.14150 13 43 104 173 49 77 4.2 RM
 30.67865 2015 10 17 15 11 47 -71.91335 -31.41334 26.87580 4.4 RN
 30.90110 2015 10 17 20 32 7 -71.92345 -31.74619 20.65000 22 34 110 178 58 77 4.0 RM
 31.57928 2015 10 18 12 48 42 -72.72626 -35.94632 41.18980 4.8 RN
 31.93704 2015 10 18 21 23 52 -72.63030 -30.17320 10.00000 4.4 UN
 32.00469 2015 10 18 23 1 17 -72.20362 -31.31847 17.72520 7 13 -79 175 77 -93 4.0 RM
 32.15727 2015 10 19 2 40 60 -71.72803 -34.78890 42.31630 4.6 RN
 32.23799 2015 10 19 4 37 14 -72.14144 -30.32824 11.54560 14 41 100 181 50 81 4.5 RM
 32.44038 2015 10 19 9 28 41 -71.97930 -30.26870 16.30000 4.5 UN
 32.65507 2015 10 19 14 37 50 -70.73172 -33.43001 62.40590 4.7 RN
 32.77281 2015 10 19 17 27 23 -72.21393 -31.35090 19.15760 4.1 RN
 32.79340 2015 10 19 17 57 2 -71.50903 -30.71007 33.94370 4.4 RN
 32.98631 2015 10 19 22 34 49 -71.80484 -31.16694 27.51180 4.2 RN
 33.21692 2015 10 20 4 6 54 -71.45774 -30.82511 41.16880 197 35 104 359 56 80 4.7 RM
 33.22278 2015 10 20 4 15 20 -71.43840 -30.74120 40.50000 4.1 UN
 33.46645 2015 10 20 10 6 13 -71.34537 -30.87137 42.03370 194 57 130 317 50 46 5.0 RM
 33.74237 2015 10 20 16 43 33 -72.17854 -30.00883 6.58960 4.3 RN
 33.95199 2015 10 20 21 45 24 -71.77083 -30.44210 23.59130 3.9 RN
 34.04255 2015 10 20 23 55 48 -71.46520 -30.86771 34.32190 4.5 RN
 34.13741 2015 10 21 2 12 24 -72.00983 -31.72458 15.97940 7 27 101 175 63 85 4.2 RM
 34.17773 2015 10 21 3 10 28 -71.49669 -30.71118 33.62860 4.0 RN
 34.26916 2015 10 21 5 22 7 -71.70190 -30.36180 17.30000 4.1 UN
 34.82725 2015 10 21 18 45 46 -71.34997 -30.87056 42.44110 4.9 RN
 34.96527 2015 10 21 22 4 31 -71.80110 -31.18200 22.00000 4.2 UN
 35.04750 2015 10 22 0 2 56 -71.71276 -30.33301 23.66490 4.2 RN
 35.89439 2015 10 22 20 22 27 -71.79423 -30.38730 21.03720 4.2 RN
 36.12384 2015 10 23 1 52 52 -72.06910 -32.37630 9.60000 4.5 UN
 37.14714 2015 10 24 2 26 25 -71.54840 -31.58020 37.00000 4.3 UN
 37.49227 2015 10 24 10 43 24 -71.96380 -30.42870 17.90000 166 89 69 75 21 178 4.0 UM
 37.66517 2015 10 24 14 52 23 -71.30900 -30.04200 52.10000 4.0 UN
 37.79419 2015 10 24 17 58 10 -72.75887 -30.81992 3.27470 4.7 RN
 37.80755 2015 10 24 18 17 24 -71.66700 -30.66518 33.18640 358 21 101 167 70 86 4.0 RM
 37.93765 2015 10 24 21 24 45 -71.38979 -31.45807 43.76460 327 17 64 174 75 97 5.0 RM
 38.59669 2015 10 25 13 13 46 -71.42022 -29.76980 33.63160 4.5 RN
 38.73605 2015 10 25 16 34 27 -72.17061 -30.45298 4.51100 4.3 RN
 38.97307 2015 10 25 22 15 45 -69.18430 -31.91590 112.90000 4.0 UN
 39.64712 2015 10 26 14 26 23 -72.77103 -30.14400 5.51090 4.5 RN
 39.67010 2015 10 26 14 59 29 -70.64911 -35.59485 123.99720 4.5 RN
 40.09179 2015 10 27 1 6 43 -72.13110 -31.66210 29.20000 4.1 UN
 40.15583 2015 10 27 2 38 56 -72.10070 -30.77280 15.10000 4.3 UN
 40.21626 2015 10 27 4 5 57 -71.99580 -30.84760 26.90000 4.3 UN
 40.72738 2015 10 27 16 21 58 -72.75009 -34.80276 17.21310 4.3 RN
 40.81802 2015 10 27 18 32 29 -71.75404 -32.79123 27.32670 4.4 RN
 41.22054 2015 10 28 4 12 7 -71.62682 -30.27941 30.02270 4.1 RN
 41.25027 2015 10 28 4 54 55 -71.45360 -30.87130 41.40000 4.5 UN
 42.31963 2015 10 29 6 34 48 -71.75167 -34.67236 37.90300 4.1 RN
 42.63501 2015 10 29 14 8 57 -71.64200 -30.61700 43.00000 4.4 UN
 42.72619 2015 10 29 16 20 15 -72.25641 -31.85739 15.19270 3.9 RN
 43.14581 2015 10 30 2 24 30 -71.56080 -30.74210 31.40000 4.2 UN
 43.37542 2015 10 30 7 55 8 -72.05670 -31.83090 2.30000 4.3 UN
 43.57440 2015 10 30 12 41 40 -71.99300 -31.70460 35.00000 4.2 UN
 44.85747 2015 10 31 19 29 17 -71.82040 -31.09440 20.10000 4.1 UN
 46.74612 2015 11 2 16 48 57 -72.07815 -30.46628 9.23830 4.4 RN
 47.11734 2015 11 3 1 43 30 -71.82299 -30.60487 29.82270 162 56 66 20 41 121 4.7 RM
 47.48225 2015 11 3 10 28 58 -72.20470 -31.20330 4.10000 4.1 UN
 47.94150 2015 11 3 21 30 18 -71.44998 -30.84465 43.09860 4.2 RN
 48.10255 2015 11 4 1 22 12 -71.86155 -30.39971 14.96300 4.0 RN
 49.10709 2015 11 5 1 28 45 -71.47604 -30.77180 40.94180 2 59 -77 158 33 -110 4.1 RM
 49.75564 2015 11 5 17 2 39 -71.81227 -30.69534 26.14170 162 40 -118 16 55 -69 4.4 RM
 50.25179 2015 11 6 4 57 7 -72.02276 -30.33891 15.41650 178 63 108 322 32 59 4.6 RM
 50.39280 2015 11 6 8 20 10 -72.11600 -30.25570 8.70000 4.2 UN
 50.40944 2015 11 6 8 44 8 -72.29473 -30.12652 12.91070 19 26 112 175 66 80 5.4 RM
 51.11134 2015 11 7 1 34 52 -72.06418 -30.06816 7.77570 4.9 RN
 51.34028 2015 11 7 7 4 32 -72.31150 -29.46523 17.01370 193 67 93 6 23 84 6.2 RM
 51.35916 2015 11 7 7 31 43 -71.46427 -30.92792 40.63230 4 29 105 168 62 82 6.8 RM
 51.43227 2015 11 7 9 16 60 -71.43064 -30.82425 41.02050 4.7 RN
 51.48389 2015 11 7 10 31 20 -71.47190 -30.82266 34.37350 4.7 RN
 51.49943 2015 11 7 10 53 43 -71.40491 -30.76488 34.66240 9 29 93 185 61 88 5.9 RM
 51.53955 2015 11 7 11 51 29 -71.85628 -30.66370 29.34150 4.4 RN
 51.97874 2015 11 7 22 23 55 -72.02352 -31.44637 17.27660 4.6 RN
 52.04293 2015 11 7 23 56 21 -71.42566 -30.72847 43.54740 4.3 RN
 53.17176 2015 11 9 3 1 52 -71.46754 -30.29046 32.24240 4.1 RN
 53.28884 2015 11 9 5 50 28 -71.42334 -30.29279 34.24120 4.3 RN
 54.53421 2015 11 10 11 43 48 -72.19613 -29.50552 6.54320 4.4 RN
 54.58618 2015 11 10 12 58 38 -71.38267 -30.86459 44.84630 1 25 95 175 65 88 4.6 RM
 54.86377 2015 11 10 19 38 22 -71.53279 -30.83463 33.75780 4.2 RN
 55.02345 2015 11 10 23 28 18 -71.95645 -30.44242 16.07060 4.3 RN
 55.03743 2015 11 10 23 48 26 -72.06789 -29.50519 10.33290 13 40 96 185 50 85 4.4 RM
 55.12507 2015 11 11 1 54 38 -71.99851 -29.50625 7.66230 166 58 62 31 41 127 6.9 RM
 55.12955 2015 11 11 2 1 5 -72.11010 -29.55980 10.00000 5.1 UN
 55.13340 2015 11 11 2 6 38 -71.82786 -29.50618 12.92670 4.9 RN
 55.13897 2015 11 11 2 14 39 -72.12605 -29.51963 2.36750 4.8 RN
 55.14134 2015 11 11 2 18 4 -71.92513 -29.38252 5.05330 4.8 RN
 55.14523 2015 11 11 2 23 40 -71.93077 -29.48911 8.96300 5.1 RN
 55.14720 2015 11 11 2 26 30 -72.11490 -29.48240 11.60000 4.6 UN
 55.14962 2015 11 11 2 29 59 -72.07670 -29.49280 10.00000 4.5 UN
 55.16097 2015 11 11 2 46 20 -72.05553 -29.55282 10.91880 4 14 107 167 77 86 6.9 RM
 55.17588 2015 11 11 3 7 48 -72.10350 -29.53009 1.93180 5.1 RN
 55.34333 2015 11 11 7 8 56 -72.15941 -29.50332 10.79960 30 37 113 182 57 74 4.8 RM
 55.37847 2015 11 11 7 59 32 -71.53851 -31.79801 36.92590 163 74 79 18 20 123 4.8 RM
 55.42586 2015 11 11 9 7 46 -72.08628 -29.61724 13.44150 11 32 105 174 59 81 5.1 RM
 55.70051 2015 11 11 15 43 16 -72.12970 -29.88675 3.24960 4.3 RN
 55.73116 2015 11 11 16 27 24 -69.57140 -29.47260 92.50000 4.3 UN
 55.81887 2015 11 11 18 33 42 -72.15528 -29.86408 8.26150 10 29 111 167 63 79 4.8 RM
 56.33286 2015 11 12 6 53 51 -72.10171 -29.56798 14.50050 154 42 63 8 53 112 4.7 RM
 56.71300 2015 11 12 16 1 15 -72.00662 -29.44069 19.15080 3.9 RN
 57.65441 2015 11 13 14 36 53 -72.28979 -29.61666 10.14380 17 40 -71 173 52 -105 4.4 RM
 58.10463 2015 11 14 1 25 12 -74.17170 -34.81280 14.17290 4.6 RN
 59.75581 2015 11 15 17 2 54 -72.10309 -29.79571 7.63380 4.3 RN
 60.12683 2015 11 16 1 57 10 -71.41032 -31.61332 33.37470 4.3 RN
 60.15105 2015 11 16 2 32 3 -71.74150 -30.85630 36.80000 4.3 UN
 60.68124 2015 11 16 15 15 31 -71.96072 -31.85715 19.28670 4.6 RN
 60.91514 2015 11 16 20 52 20 -72.05138 -30.35628 8.52080 27 38 122 168 58 67 5.0 RM
 61.59855 2015 11 17 13 16 27 -71.40744 -30.73727 43.63100 10 39 109 166 53 75 4.5 RM
 63.65046 2015 11 19 14 31 12 -72.39971 -31.37457 28.50470 4.5 RN
 63.89928 2015 11 19 20 29 30 -71.91871 -31.11907 27.99570 4.6 RN
 63.99874 2015 11 19 22 52 43 -72.29691 -29.69159 17.40710 4.2 RN
 65.05416 2015 11 21 0 12 31 -69.99250 -32.95800 77.99660 4.4 RN
 65.72015 2015 11 21 16 11 33 -71.63614 -34.94631 33.35770 4.2 RN
 65.97088 2015 11 21 22 12 36 -71.79279 -30.61303 26.72710 16 37 123 157 59 68 4.1 RM
 66.00762 2015 11 21 23 5 30 -71.69059 -30.63797 24.93750 11 26 108 171 65 81 5.5 RM
 66.29383 2015 11 22 5 57 39 -71.94482 -30.38909 26.48760 4.7 RN
 66.57951 2015 11 22 12 49 2 -71.44390 -30.72600 53.70000 4.3 UN
 67.23838 2015 11 23 4 37 48 -71.85431 -31.56388 24.93070 165 42 69 13 51 108 4.0 RM
 68.43037 2015 11 24 9 14 16 -72.20580 -31.84240 13.90000 357 17 97 170 73 88 4.8 UM
 68.93429 2015 11 24 21 19 55 -72.23930 -31.85330 10.00000 4.7 UN
 69.03306 2015 11 24 23 42 8 -71.69400 -31.75300 40.70000 4.2 UN
 69.87594 2015 11 25 19 55 53 -72.13860 -29.36240 10.00000 4.3 UN
 69.91905 2015 11 25 20 57 58 -72.19710 -29.38830 10.00000 4.6 UN
 72.28481 2015 11 28 5 44 40 -72.06030 -30.33900 10.00000 348 26 80 179 65 95 5.2 UM
 72.30142 2015 11 28 6 8 35 -71.74290 -30.64310 27.30000 4.4 UN
 75.17328 2015 12 1 3 4 3 -71.70040 -30.46500 30.90000 306 35 61 160 60 109 4.1 UM
 75.35535 2015 12 1 7 26 14 -71.47400 -31.59100 43.40000 4.9 UN
 75.55141 2015 12 1 12 8 34 -71.35910 -30.29460 43.30000 4.9 UN
 75.64919 2015 12 1 14 29 22 -71.74840 -30.55790 31.70000 4.2 UN
 75.69237 2015 12 1 15 31 33 -71.74180 -30.40340 23.30000 4.1 UN
 76.44716 2015 12 2 9 38 27 -72.13550 -30.41770 10.00000 15 28 115 168 65 78 4.8 UM
 76.96597 2015 12 2 22 5 32 -72.12730 -30.47490 7.90000 16 25 107 177 66 82 4.2 UM
 77.20990 2015 12 3 3 56 47 -72.22730 -30.19370 10.00000 4.3 UN
 77.40155 2015 12 3 8 32 46 -71.68950 -29.73430 34.30000 5.2 UN
 78.25122 2015 12 4 4 56 17 -72.10560 -30.56540 17.00000 352 32 89 173 58 90 4.5 UM
 78.40979 2015 12 4 8 44 38 -71.51810 -30.76940 41.50000 11 39 105 171 53 78 4.4 UM
